20191107160000
20191103064500
20191207110000
20191207164500
20191201211500
20191201210000
20191106123000
20191210134500
20191213134500
wh20130404033700
20191202090000
20191129154500
whZ_SWGO_I_59140_20170430163000_O_INSD_DIS
20191124153000
20191209020000
20191118221500
20191210230000
20191213221500
20191213004500
20191129074500
20191104070000
20191201231500
20191102163000
20191106094500
20191103174500
20191202173000
20191117010000
20191202034500
whZ_SWGO_I_59140_20170424151500_O_INSD_DIS
20191126081500
20191105123000
20191106150000
20191128200000
20191213174500
wh20130409133700
wh20130406035200
20191117154500
20191205083000
20191202153000
20191104073000
20191204114500
20191128011500
20191126023000
20191117074500
wh20130408015200
20191106100000
20191217033000
20191104233000
20191118001500
20191205033000
20191201143000
20191207231500
20191215084500
20191201153000
20191204001500
whZ_SWGO_I_59140_20170430073000_O_INSD_DIS
wh20130409145200
20191210100000
wh20130409085200
20191118131500
20191120023000
20191127153000
20191212130000
whZ_SWGO_I_59140_20170427101500_O_INSD_DIS
20191104124500
20191215024500
whZ_SWGO_I_59140_20170428131500_O_INSD_DIS
wh20130408043700
20191210173000
20191220083000
wh20130409220700
wh20130406092200
20191102191500
20191129151500
20191202104500
20191202023000
20191117133000
20191120160000
20191120080000
20191106064500
wh20130411052200
20191203140000
20191210120000
20191215123000
20191216210000
20191210143000
20191206090000
20191117183000
20191128163000
20191118050000
20191119041500
whZ_SWGO_I_59140_20170428013000_O_INSD_DIS
whZ_SWGO_I_59140_20170430061500_O_INSD_DIS
20191116120000
wh20130406040700
20191216024500
20191206123000
20191125073000
20191129220000
20191117091500
20191220160000
20191208170000
20191119233000
20191214224500
20191212124500
20191211131500
20191118104500
20191119231500
20191118081500
20191121104500
20191218180000
20191104091500
20191116140000
wh20130401015200
whZ_SWGO_I_59140_20170425093000_O_INSD_DIS
20191209233000
20191106131500
20191201141500
20191213110000
20191211150000
20191212164500
20191128074500
20191206104500
20191128161500
whZ_SWGO_I_59140_20170428173000_O_INSD_DIS
20191205090000
20191121120000
20191116123000
20191204214500
20191209110000
20191103181500
20191126161500
whZ_SWGO_I_59140_20170423074500_O_INSD_DIS
20191213083000
20191106204500
whZ_SWGO_I_59140_20170425090000_O_INSD_DIS
20191209024500
20191117040000
20191119170000
wh20130401082200
20191203091500
wh20130402022200
wh20130401125200
wh20130405035200
20191104133000
20191119120000
20191107114500
20191215194500
20191209203000
20191212040000
20191118094500
20191129120000
20191208230000
20191106200000
20191205003000
20191106174500
20191129103000
20191107111500
20191125091500
20191203134500
20191201101500
20191107113000
wh20130405043700
20191128024500
20191119133000
20191214221500
20191130183000
20191117001500
20191117080000
20191118224500
whZ_SWGO_I_59140_20170425071500_O_INSD_DIS
20191121011500
20191108021500
20191215131500
20191215143000
20191206080000
20191210154500
20191121113000
20191201193000
20191212174500
wh20130407073700
20191211221500
whZ_SWGO_I_59140_20170427090000_O_INSD_DIS
20191204134500
20191119073000
20191105103000
wh20130407005200
whZ_SWGO_I_59140_20170423064500_O_INSD_DIS
20191107070000
20191120114500
20191211170000
whZ_SWGO_I_59140_20170424150000_O_INSD_DIS
20191203113000
20191106141500
whZ_SWGO_I_59140_20170426120000_O_INSD_DIS
20191121101500
20191118084500
20191217001500
wh20130405080700
wh20130406090700
20191214074500
20191205044500
20191119214500
20191202180000
whZ_SWGO_I_59140_20170429211500_O_INSD_DIS
20191116191500
20191103071500
whZ_SWGO_I_59140_20170422104500_O_INSD_DIS
20191205074500
wh20130404065200
whZ_SWGO_I_59140_20170425141500_O_INSD_DIS
whZ_SWGO_I_59140_20170422063000_O_INSD_DIS
20191208211500
20191211104500
20191215101500
20191118191500
20191105020000
20191119211500
20191103110000
whZ_SWGO_I_59140_20170428003000_O_INSD_DIS
20191125034500
wh20130408110700
20191129150000
20191217010000
wh20130402105200
20191121163000
20191220171500
20191220190000
wh20130407025200
20191216211500
20191120193000
20191125103000
20191204174500
20191202140000
20191121013000
20191219201500
wh20130403123700
20191208034500
20191129163000
20191210213000
20191121081500
20191214234500
20191130094500
20191210224500
20191219121500
20191106044500
whZ_SWGO_I_59140_20170430070000_O_INSD_DIS
20191127090000
20191103140000
20191205071500
20191125170000
wh20130410050700
20191116234500
20191106170000
20191126123000
20191203120000
whZ_SWGO_I_59140_20170425073000_O_INSD_DIS
20191208000000
20191125024500
20191119173000
20191218163000
20191204121500
20191130211500
20191119013000
20191117140000
wh20130408070700
20191104004500
20191127101500
20191217170000
20191117160000
20191106161500
20191107213000
20191129160000
whZ_SWGO_I_59140_20170421161500_O_INSD_DIS
20191207070000
20191103214500
20191217193000
wh20130405040700
20191215161500
20191207203000
20191212074500
wh20130401152200
20191217173000
20191121174500
20191210021500
wh20130409062200
20191117021500
wh20130410090700
20191204221500
20191209011500
20191107190000
20191124173000
20191120203000
wh20130405013700
20191206144500
20191121100000
wh20130409095200
20191120084500
whZ_SWGO_I_59140_20170425164500_O_INSD_DIS
whZ_SWGO_I_59140_20170422130000_O_INSD_DIS
20191105113000
20191127074500
20191210133000
20191106223000
20191214014500
20191219134500
20191107223000
20191204004500
20191121033000
whZ_SWGO_I_59140_20170425034500_O_INSD_DIS
whZ_SWGO_I_59140_20170424094500_O_INSD_DIS
20191209224500
20191125110000
20191106091500
wh20130408080700
20191120151500
20191119064500
20191130160000
20191212163000
20191202151500
20191207201500
20191107031500
20191208064500
wh20130405025200
20191116144500
20191203143000
20191121110000
whZ_SWGO_I_59140_20170425181500_O_INSD_DIS
20191220133000
20191209063000
20191210234500
whZ_SWGO_I_59140_20170429200000_O_INSD_DIS
whZ_SWGO_I_59140_20170425134500_O_INSD_DIS
20191204234500
wh20130404090700
20191129093000
20191104030000
20191103074500
20191205221500
wh20130407012200
whZ_SWGO_I_59140_20170425064500_O_INSD_DIS
wh20130404000700
20191106224500
wh20130404010700
wh20130403060700
20191108030000
whZ_SWGO_I_59140_20170424160000_O_INSD_DIS
20191207031500
20191105133000
20191206153000
whZ_SWGO_I_59140_20170429170000_O_INSD_DIS
20191104184500
wh20130401043700
20191211174500
wh20130403113700
20191126094500
20191208164500
20191116190000
whZ_SWGO_I_59140_20170428103000_O_INSD_DIS
whZ_SWGO_I_59140_20170421203000_O_INSD_DIS
20191116000000
20191220113000
20191220073000
20191216031500
20191105173000
20191209213000
20191204151500
20191103070000
20191213011500
20191126214500
20191104230000
20191210124500
wh20130405030700
20191206203000
20191218034500
20191130020000
20191209051500
20191210200000
20191116154500
wh20130403030700
20191203070000
20191219090000
wh20130403042200
20191210001500
whZ_SWGO_I_59140_20170428113000_O_INSD_DIS
20191127083000
20191103211500
20191215233000
wh20130401143700
wh20130408010700
whZ_SWGO_I_59140_20170426121500_O_INSD_DIS
20191117004500
20191108011500
20191103030000
20191126181500
20191206110000
whZ_SWGO_I_59140_20170425163000_O_INSD_DIS
20191126190000
20191209223000
20191107011500
20191217041500
20191104223000
20191207193000
20191104123000
20191103013000
20191210191500
20191116143000
20191127091500
20191212183000
wh20130405100700
20191215144500
20191214073000
20191120224500
20191216074500
whZ_SWGO_I_59140_20170428120000_O_INSD_DIS
20191117123000
20191106033000
20191126191500
whZ_SWGO_I_59140_20170428163000_O_INSD_DIS
20191116124500
20191120191500
20191127221500
20191219160000
20191128211500
20191212083000
whZ_SWGO_I_59140_20170428041500_O_INSD_DIS
20191116113000
whZ_SWGO_I_59140_20170429203000_O_INSD_DIS
wh20130410010700
20191125154500
20191207173000
20191213194500
20191102184500
wh20130407030700
20191216164500
20191210113000
20191107193000
20191213020000
20191105134500
20191119174500
20191129143000
20191116194500
20191214091500
20191128101500
20191119114500
20191126013000
20191126070000
whZ_SWGO_I_59140_20170426073000_O_INSD_DIS
20191215223000
20191126220000
20191207144500
20191203064500
whZ_SWGO_I_59140_20170428014500_O_INSD_DIS
20191129223000
20191206150000
20191129230000
whZ_SWGO_I_59140_20170430071500_O_INSD_DIS
20191128153000
20191211040000
20191210164500
20191220074500
20191128143000
20191104001500
whZ_SWGO_I_59140_20170424153000_O_INSD_DIS
20191209191500
20191204084500
20191106180000
20191118190000
20191212161500
20191118151500
20191213091500
20191103230000
20191118103000
20191125121500
20191202224500
wh20130402065200
20191210123000
wh20130402232200
20191213224500
20191127070000
20191121173000
whZ_SWGO_I_59140_20170421193000_O_INSD_DIS
20191118121500
20191201071500
wh20130401005200
20191124154500
20191104140000
20191106190000
whZ_SWGO_I_59140_20170421171500_O_INSD_DIS
20191204040000
20191203194500
20191213210000
whZ_SWGO_I_59140_20170430174500_O_INSD_DIS
20191107174500
20191208010000
20191105000000
20191105171500
whZ_SWGO_I_59140_20170426150000_O_INSD_DIS
wh20130406043700
20191106014500
20191103101500
whZ_SWGO_I_59140_20170425021500_O_INSD_DIS
wh20130409013700
20191130231500
wh20130408013700
wh20130409223700
20191125174500
20191205001500
wh20130401050700
whZ_SWGO_I_59140_20170424203000_O_INSD_DIS
20191210221500
20191120123000
20191128070000
20191202141500
20191107140000
20191203191500
20191203010000
whZ_SWGO_I_59140_20170428010000_O_INSD_DIS
20191212073000
20191119194500
wh20130405073700
wh20130404202200
20191210023000
20191204021500
wh20130406005200
wh20130408033700
wh20130404005200
whZ_SWGO_I_59140_20170422141500_O_INSD_DIS
20191202111500
whZ_SWGO_I_59140_20170428133000_O_INSD_DIS
20191209004500
whZ_SWGO_I_59140_20170427073000_O_INSD_DIS
20191212081500
20191214140000
20191204130000
20191214180000
20191202234500
20191126113000
20191104013000
whZ_SWGO_I_59140_20170425024500_O_INSD_DIS
20191209111500
20191212170000
20191120133000
20191130173000
20191219224500
20191211193000
20191220043000
whZ_SWGO_I_59140_20170425081500_O_INSD_DIS
20191213181500
wh20130405042200
20191219101500
20191107033000
20191214093000
20191205181500
20191204101500
20191216201500
wh20130403010700
20191212003000
20191129091500
20191205204500
20191106171500
20191120064500
20191130150000
20191219171500
20191205164500
20191217234500
20191211093000
wh20130403100700
20191213030000
20191105153000
20191213014500
wh20130404093700
20191210140000
20191210190000
whZ_SWGO_I_59140_20170428021500_O_INSD_DIS
whZ_SWGO_I_59140_20170430060000_O_INSD_DIS
20191211041500
20191215110000
20191214034500
whZ_SWGO_I_59140_20170430141500_O_INSD_DIS
20191121160000
20191104003000
20191124130000
20191126133000
20191210161500
wh20130408065200
20191203000000
20191212171500
20191211013000
20191202184500
20191202163000
20191206074500
20191207081500
20191105221500
20191204143000
20191120153000
20191210131500
20191119074500
20191106220000
20191205091500
20191127020000
20191203173000
20191128100000
20191103180000
20191202040000
whZ_SWGO_I_59140_20170424164500_O_INSD_DIS
20191105014500
20191202100000
20191209094500
20191117184500
whZ_SWGO_I_59140_20170429163000_O_INSD_DIS
20191103011500
20191212221500
wh20130404015200
20191207021500
20191212140000
wh20130406080700
20191103104500
20191217154500
wh20130406025200
20191217210000
20191126071500
wh20130403013700
20191103010000
20191201223000
20191219151500
20191120130000
20191108004500
20191214124500
20191214080000
20191201151500
20191213164500
20191129104500
20191212041500
wh20130410103700
20191125070000
20191102153000
20191128233000
20191213211500
20191106004500
20191206004500
20191216093000
20191211101500
20191218183000
20191202194500
20191106210000
20191204171500
wh20130407082200
20191205194500
20191106124500
20191120121500
whZ_SWGO_I_59140_20170428063000_O_INSD_DIS
20191216233000
20191213021500
20191218093000
20191208210000
20191117060000
20191219110000
20191216181500
20191125210000
20191104173000
20191128183000
20191117113000
20191102234500
wh20130409020700
20191214123000
20191220094500
20191204154500
20191204010000
20191125151500
20191106104500
20191102151500
20191103024500
20191107093000
whZ_SWGO_I_59140_20170428034500_O_INSD_DIS
20191205120000
20191108071500
20191119200000
20191208141500
20191107021500
whZ_SWGO_I_59140_20170422151500_O_INSD_DIS
20191206151500
wh20130404100700
20191117163000
20191118003000
20191102180000
20191127231500
20191120034500
20191118013000
20191212191500
whZ_SWGO_I_59140_20170426083000_O_INSD_DIS
20191207111500
20191211140000
whZ_SWGO_I_59140_20170428000000_O_INSD_DIS
20191202191500
20191209234500
20191207210000
20191105040000
20191103004500
20191208231500
20191216010000
whZ_SWGO_I_59140_20170426140000_O_INSD_DIS
20191203214500
20191105111500
20191106011500
20191220021500
whZ_SWGO_I_59140_20170429183000_O_INSD_DIS
wh20130409025200
20191220120000
20191117064500
20191210094500
20191118233000
20191130101500
20191106154500
20191220014500
20191124143000
20191129213000
20191107161500
20191118093000
20191128064500
whZ_SWGO_I_59140_20170425091500_O_INSD_DIS
wh20130407010700
20191102161500
20191126111500
wh20130401162200
20191205144500
20191129110000
20191105083000
whZ_SWGO_I_59140_20170426141500_O_INSD_DIS
20191214103000
20191215114500
wh20130407032200
20191209003000
whZ_SWGO_I_59140_20170425103000_O_INSD_DIS
20191102233000
wh20130401073700
20191203193000
wh20130410075200
20191209031500
20191213233000
20191207134500
whZ_SWGO_I_59140_20170426091500_O_INSD_DIS
20191218194500
20191215010000
20191214121500
wh20130401042200
wh20130410080700
20191107024500
20191106000000
20191211133000
20191104200000
20191120221500
20191102201500
20191107221500
20191107183000
20191204103000
wh20130404052200
20191202171500
wh20130409022200
20191212233000
20191125191500
20191104153000
20191203003000
20191118154500
20191210233000
20191213103000
20191216033000
20191217083000
20191209113000
20191201234500
20191212090000
20191129190000
20191210101500
20191207163000
20191210121500
20191212214500
20191215100000
20191129000000
20191125111500
20191117144500
20191215071500
20191105141500
20191202133000
20191213131500
wh20130409092200
20191121090000
20191121014500
20191103021500
20191207093000
20191115204500
20191214111500
20191217123000
20191213153000
20191210150000
whZ_SWGO_I_59140_20170421100000_O_INSD_DIS
wh20130409003700
20191213001500
20191204133000
20191205153000
wh20130405033700
20191116111500
wh20130407015200
20191220141500
20191203103000
20191210111500
20191213220000
20191209151500
20191117104500
20191220104500
wh20130410032200
20191216203000
20191220070000
whZ_SWGO_I_59140_20170422163000_O_INSD_DIS
20191209013000
20191217183000
20191118163000
20191117170000
20191211181500
20191117141500
20191209130000
20191120140000
20191120071500
20191103003000
wh20130406093700
20191121034500
20191106021500
20191207214500
20191104131500
whZ_SWGO_I_59140_20170426184500_O_INSD_DIS
20191205180000
20191116103000
whZ_SWGO_I_59140_20170426144500_O_INSD_DIS
20191212200000
20191118083000
whZ_SWGO_I_59140_20170423204500_O_INSD_DIS
20191121180000
wh20130404025200
20191201133000
20191129071500
20191115220000
wh20130403112200
20191218073000
20191107101500
20191129144500
20191127014500
20191128150000
20191210203000
wh20130401023700
20191130123000
wh20130404060700
20191214160000
20191215163000
20191206101500
20191107043000
20191102200000
20191125081500
wh20130409150700
20191216193000
20191117103000
20191217070000
20191102213000
20191208161500
20191209214500
20191202014500
wh20130406030700
20191102214500
20191201110000
whZ_SWGO_I_59140_20170422110000_O_INSD_DIS
20191213231500
20191216091500
whZ_SWGO_I_59140_20170426101500_O_INSD_DIS
wh20130402050700
20191218201500
20191105013000
20191105064500
wh20130402033700
20191205094500
20191215090000
20191105170000
20191103084500
20191209230000
20191215074500
20191202000000
20191125133000
whZ_SWGO_I_59140_20170426104500_O_INSD_DIS
20191116213000
wh20130411095200
20191118130000
20191117150000
20191128034500
20191107234500
20191120164500
20191210183000
whZ_SWGO_I_59140_20170428091500_O_INSD_DIS
20191203110000
wh20130410110700
20191201131500
20191129023000
20191120103000
whZ_SWGO_I_59140_20170421183000_O_INSD_DIS
20191209101500
20191209074500
20191216083000
wh20130404045200
20191107001500
20191217220000
20191119220000
wh20130407103700
wh20130410030700
whZ_SWGO_I_59140_20170421180000_O_INSD_DIS
20191104134500
20191130174500
20191105120000
20191218104500
20191208181500
20191105193000
20191214010000
20191119091500
whZ_SWGO_I_59140_20170426103000_O_INSD_DIS
20191107074500
20191217084500
20191126090000
20191105174500
20191119124500
20191209131500
20191128144500
20191115214500
20191119161500
20191210064500
20191107211500
20191206084500
20191125123000
wh20130409035200
20191211084500
20191212011500
20191217184500
wh20130408095200
20191103171500
20191205024500
20191218001500
20191212193000
wh20130403055200
20191128194500
20191212181500
wh20130409103700
whZ_SWGO_I_59140_20170428023000_O_INSD_DIS
whZ_SWGO_I_59140_20170426134500_O_INSD_DIS
20191106024500
20191202150000
20191121200000
20191217014500
20191105211500
20191124223000
20191118213000
wh20130408102200
wh20130408072200
20191220013000
20191206201500
20191127230000
wh20130401080700
20191201130000
wh20130407043700
20191207211500
20191127180000
wh20130404075200
20191214183000
20191212154500
20191218084500
20191214131500
20191216214500
wh20130410025200
20191116141500
20191209140000
wh20130407100700
wh20130405072200
wh20130406095200
20191120134500
20191205084500
20191104081500
20191204013000
whZ_SWGO_I_59140_20170428011500_O_INSD_DIS
20191214011500
20191203004500
whZ_SWGO_I_59140_20170422164500_O_INSD_DIS
20191204184500
whZ_SWGO_I_59140_20170423163000_O_INSD_DIS
20191207041500
20191208104500
20191216183000
20191120081500
20191120031500
whZ_SWGO_I_59140_20170422161500_O_INSD_DIS
20191212160000
20191211020000
20191108000000
20191213114500
whZ_SWGO_I_59140_20170425070000_O_INSD_DIS
whZ_SWGO_I_59140_20170430151500_O_INSD_DIS
20191104113000
20191119020000
20191127064500
20191217200000
20191207024500
wh20130402233700
20191205220000
20191211233000
wh20130401122200
20191210034500
whZ_SWGO_I_59140_20170428004500_O_INSD_DIS
20191106023000
20191130140000
20191126160000
20191207190000
whZ_SWGO_I_59140_20170423171500_O_INSD_DIS
wh20130405022200
20191125134500
20191216213000
20191129064500
whZ_SWGO_I_59140_20170428024500_O_INSD_DIS
wh20130401010700
20191107131500
wh20130403120700
20191213123000
whZ_SWGO_I_59140_20170424101500_O_INSD_DIS
20191215013000
20191129184500
wh20130410073700
20191120111500
wh20130411085200
whZ_SWGO_I_59140_20170423014500_O_INSD_DIS
20191120094500
20191201111500
20191130021500
20191128204500
whZ_SWGO_I_59140_20170425121500_O_INSD_DIS
20191115231500
20191205170000
wh20130411015200
20191106073000
20191206183000
20191206143000
wh20130409093700
20191116184500
20191105154500
20191217024500
wh20130404002200
20191218041500
whZ_SWGO_I_59140_20170428174500_O_INSD_DIS
20191210071500
20191212143000
20191219084500
20191220114500
whZ_SWGO_I_59140_20170422060000_O_INSD_DIS
20191204070000
20191116090000
whZ_SWGO_I_59140_20170427071500_O_INSD_DIS
20191215080000
20191103033000
20191130181500
20191119083000
20191127000000
20191104181500
20191104100000
wh20130411005200
wh20130411010700
20191204194500
20191118044500
20191127094500
20191208123000
20191206170000
20191211034500
whZ_SWGO_I_59140_20170426071500_O_INSD_DIS
20191121020000
20191216003000
20191130043000
20191117090000
20191211234500
20191213031500
20191116230000
20191216163000
20191128004500
20191208144500
20191130024500
20191124131500
20191211154500
20191209143000
20191105023000
wh20130408003700
20191127121500
20191116131500
whZ_SWGO_I_59140_20170425151500_O_INSD_DIS
20191219230000
20191214223000
20191106194500
20191106111500
20191216184500
20191210010000
20191217190000
20191217213000
20191107173000
20191103031500
20191206103000
20191116231500
20191219100000
whZ_SWGO_I_59140_20170425101500_O_INSD_DIS
20191216041500
wh20130403000700
20191120150000
20191209181500
20191213113000
20191105030000
whZ_SWGO_I_59140_20170423080000_O_INSD_DIS
20191208124500
20191116064500
20191211033000
20191115223000
20191118113000
20191205213000
wh20130401090700
20191215004500
20191126221500
whZ_SWGO_I_59140_20170424180000_O_INSD_DIS
20191103224500
20191125113000
whZ_SWGO_I_59140_20170422171500_O_INSD_DIS
20191121154500
20191219153000
20191218160000
20191118153000
wh20130408103700
20191217124500
wh20130404102200
20191102170000
wh20130403095200
20191203011500
20191214174500
20191121071500
20191102193000
20191214114500
20191204224500
20191103223000
20191128191500
20191205191500
whZ_SWGO_I_59140_20170429093000_O_INSD_DIS
20191215120000
20191105130000
20191213140000
20191130131500
20191214094500
whZ_SWGO_I_59140_20170426174500_O_INSD_DIS
whZ_SWGO_I_59140_20170421184500_O_INSD_DIS
20191203234500
whZ_SWGO_I_59140_20170428160000_O_INSD_DIS
20191119164500
20191209211500
20191217094500
wh20130401040700
20191217020000
wh20130403103700
20191121080000
whZ_SWGO_I_59140_20170422131500_O_INSD_DIS
20191219104500
wh20130407033700
wh20130410040700
20191128190000
wh20130409215200
20191105233000
20191208020000
20191106201500
20191212014500
20191130001500
whZ_SWGO_I_59140_20170423091500_O_INSD_DIS
20191118073000
wh20130403063700
20191104190000
20191126184500
whZ_SWGO_I_59140_20170424171500_O_INSD_DIS
20191206100000
20191212213000
20191211211500
20191108070000
20191128083000
20191203221500
20191106114500
20191210040000
20191103081500
whZ_SWGO_I_59140_20170430081500_O_INSD_DIS
20191108063000
20191207221500
20191204181500
20191102183000
20191209034500
wh20130410005200
20191127084500
whZ_SWGO_I_59140_20170430173000_O_INSD_DIS
20191118090000
20191206200000
20191116174500
wh20130408022200
whZ_SWGO_I_59140_20170423170000_O_INSD_DIS
20191211091500
20191118133000
20191214110000
wh20130404020700
20191106101500
20191127234500
20191129123000
20191205041500
20191126000000
20191117230000
20191212004500
20191212134500
wh20130407102200
wh20130405032200
wh20130403023700
20191212084500
20191104161500
20191207043000
wh20130409082200
20191219113000
20191120020000
20191214120000
wh20130401060700
20191104114500
wh20130407120700
20191209170000
20191108034500
20191105010000
20191212151500
20191216130000
20191121133000
20191128210000
20191120181500
20191214151500
20191116223000
20191210020000
20191117111500
20191203164500
wh20130409032200
20191204031500
20191129164500
20191215230000
20191214030000
wh20130402143700
whZ_SWGO_I_59140_20170425131500_O_INSD_DIS
20191208090000
20191218121500
20191211223000
20191211071500
20191125211500
20191129114500
20191202204500
20191218174500
20191118070000
whZ_SWGO_I_59140_20170426124500_O_INSD_DIS
20191130214500
whZ_SWGO_I_59140_20170428074500_O_INSD_DIS
20191210220000
20191212030000
20191124160000
20191219091500
20191219183000
20191212184500
20191213074500
whZ_SWGO_I_59140_20170428051500_O_INSD_DIS
20191219193000
20191118141500
20191116134500
20191215181500
20191217043000
wh20130406010700
20191119110000
wh20130403102200
20191125230000
20191214213000
20191203163000
20191124220000
20191205140000
20191124150000
20191102143000
wh20130403003700
20191130030000
20191118124500
20191204011500
20191214184500
20191207184500
20191102194500
20191107163000
20191215023000
wh20130401142200
20191117034500
20191210031500
20191213104500
whZ_SWGO_I_59140_20170421200000_O_INSD_DIS
20191205203000
20191129134500
20191124181500
20191120183000
whZ_SWGO_I_59140_20170422070000_O_INSD_DIS
whZ_SWGO_I_59140_20170421190000_O_INSD_DIS
wh20130401070700
20191202010000
20191105200000
20191117071500
20191220020000
20191120110000
20191205210000
20191127181500
whZ_SWGO_I_59140_20170422123000_O_INSD_DIS
whZ_SWGO_I_59140_20170430171500_O_INSD_DIS
20191212173000
20191214041500
20191208151500
whZ_SWGO_I_59140_20170421201500_O_INSD_DIS
20191213094500
whZ_SWGO_I_59140_20170424064500_O_INSD_DIS
20191102154500
20191204023000
20191206081500
20191216023000
wh20130410015200
20191126173000
20191216114500
20191103114500
whZ_SWGO_I_59140_20170430213000_O_INSD_DIS
20191204230000
20191107013000
20191121134500
wh20130411100700
20191116133000
20191213161500
wh20130409100700
20191213043000
20191212123000
whZ_SWGO_I_59140_20170428144500_O_INSD_DIS
20191219123000
20191116160000
20191204030000
20191116104500
20191216004500
20191208133000
20191215173000
20191205014500
20191102190000
20191104104500
whZ_SWGO_I_59140_20170427060000_O_INSD_DIS
wh20130407022200
20191215224500
whZ_SWGO_I_59140_20170429214500_O_INSD_DIS
20191107104500
wh20130403045200
20191129101500
20191212024500
20191203133000
20191209114500
20191204020000
20191129130000
20191106134500
20191117173000
whZ_SWGO_I_59140_20170426063000_O_INSD_DIS
20191209180000
20191220184500
20191210184500
wh20130401085200
20191203050000
20191218040000
20191127114500
20191103233000
20191217203000
20191121024500
20191126210000
wh20130405195200
20191209104500
20191117043000
20191211001500
wh20130411102200
20191127004500
20191208223000
20191128020000
20191129161500
20191130010000
20191120194500
wh20130402005200
20191211121500
whZ_SWGO_I_59140_20170425060000_O_INSD_DIS
20191209030000
wh20130408105200
20191210114500
20191104191500
20191118101500
20191219163000
20191106020000
20191126134500
20191210151500
20191212100000
20191219150000
20191127173000
20191205163000
whZ_SWGO_I_59140_20170428143000_O_INSD_DIS
20191216034500
whZ_SWGO_I_59140_20170423063000_O_INSD_DIS
20191107081500
20191116110000
20191130044500
20191211083000
20191127080000
20191207071500
whZ_SWGO_I_59140_20170422100000_O_INSD_DIS
20191128193000
20191211200000
20191217181500
20191106160000
20191102124500
20191216000000
20191213070000
wh20130411013700
20191120014500
20191219161500
20191219093000
20191127003000
wh20130408035200
20191116101500
20191208201500
wh20130408120700
wh20130411122200
20191216011500
wh20130407080700
whZ_SWGO_I_59140_20170421174500_O_INSD_DIS
wh20130411002200
20191212121500
20191128170000
20191213163000
whZ_SWGO_I_59140_20170423210000_O_INSD_DIS
whZ_SWGO_I_59140_20170424063000_O_INSD_DIS
20191118231500
20191116080000
20191103133000
20191130180000
whZ_SWGO_I_59140_20170423143000_O_INSD_DIS
20191201180000
20191107023000
wh20130409080700
whZ_SWGO_I_59140_20170428031500_O_INSD_DIS
20191209054500
20191207151500
20191203101500
20191207230000
20191117190000
20191204000000
20191118114500
20191108010000
20191105110000
20191106230000
20191213171500
20191126230000
20191210163000
20191119134500
wh20130408045200
20191208071500
20191219144500
whZ_SWGO_I_59140_20170429164500_O_INSD_DIS
wh20130411072200
20191206093000
20191129014500
20191127190000
20191211073000
whZ_SWGO_I_59140_20170426113000_O_INSD_DIS
20191209071500
wh20130408025200
wh20130406012200
20191212031500
20191127224500
20191103144500
20191116073000
20191202134500
20191119014500
20191202231500
20191214101500
20191105034500
whZ_SWGO_I_59140_20170422194500_O_INSD_DIS
20191119181500
20191204124500
20191219094500
20191202033000
20191208174500
whZ_SWGO_I_59140_20170428193000_O_INSD_DIS
20191104010000
20191128031500
whZ_SWGO_I_59140_20170428181500_O_INSD_DIS
20191201014500
20191211164500
20191118174500
whZ_SWGO_I_59140_20170421090000_O_INSD_DIS
20191213173000
20191106093000
20191204073000
20191120013000
20191216111500
20191215083000
20191205184500
20191126104500
whZ_SWGO_I_59140_20170425143000_O_INSD_DIS
20191212000000
whZ_SWGO_I_59140_20170425120000_O_INSD_DIS
20191215153000
20191106163000
20191119121500
20191127164500
wh20130401123700
20191118170000
whZ_SWGO_I_59140_20170426081500_O_INSD_DIS
20191121114500
20191213013000
whZ_SWGO_I_59140_20170427054500_O_INSD_DIS
20191108001500
20191215133000
20191117044500
20191108013000
20191116094500
20191211090000
wh20130404023700
20191125183000
20191118080000
20191215134500
20191210144500
20191220181500
20191106074500
20191116003000
20191105140000
20191116181500
20191120124500
20191208031500
20191203041500
20191213213000
20191203131500
20191125161500
20191207084500
20191121150000
20191119021500
whZ_SWGO_I_59140_20170429080000_O_INSD_DIS
20191202103000
wh20130410020700
whZ_SWGO_I_59140_20170428123000_O_INSD_DIS
20191128130000
20191126080000
20191125201500
20191128104500
20191214211500
20191209081500
whZ_SWGO_I_59140_20170424144500_O_INSD_DIS
20191125163000
20191208224500
20191202063000
20191119023000
wh20130409073700
wh20130409140700
20191212190000
20191209103000
whZ_SWGO_I_59140_20170421070000_O_INSD_DIS
20191215231500
20191104040000
20191116193000
20191119144500
20191218103000
20191106144500
20191203154500
20191118134500
whZ_SWGO_I_59140_20170425171500_O_INSD_DIS
20191119101500
20191126091500
whZ_SWGO_I_59140_20170429174500_O_INSD_DIS
20191212211500
20191119071500
20191206121500
20191107010000
20191118091500
wh20130405093700
20191106214500
20191128014500
whZ_SWGO_I_59140_20170427064500_O_INSD_DIS
whZ_SWGO_I_59140_20170427063000_O_INSD_DIS
wh20130401150700
20191121191500
20191212230000
20191106090000
whZ_SWGO_I_59140_20170429230000_O_INSD_DIS
20191118010000
whZ_SWGO_I_59140_20170425014500_O_INSD_DIS
20191124184500
20191118234500
20191116180000
20191211014500
20191107110000
20191202081500
20191105234500
20191107003000
20191202160000
20191208001500
whZ_SWGO_I_59140_20170430190000_O_INSD_DIS
whZ_SWGO_I_59140_20170422180000_O_INSD_DIS
wh20130410113700
20191127034500
wh20130402135200
whZ_SWGO_I_59140_20170424163000_O_INSD_DIS
20191210103000
20191106063000
whZ_SWGO_I_59140_20170425083000_O_INSD_DIS
20191215043000
20191105150000
20191209014500
20191213093000
20191129001500
20191210081500
wh20130406082200
20191212001500
whZ_SWGO_I_59140_20170425100000_O_INSD_DIS
20191220191500
20191203090000
wh20130403012200
whZ_SWGO_I_59140_20170422103000_O_INSD_DIS
20191105204500
20191116114500
20191211160000
20191102203000
20191214000000
20191204003000
20191107040000
20191103094500
20191107170000
20191103093000
wh20130403022200
20191121000000
20191202003000
wh20130405005200
20191202011500
20191124231500
20191216100000
20191115230000
whZ_SWGO_I_59140_20170430150000_O_INSD_DIS
20191220111500
20191216043000
20191124233000
20191219200000
20191202030000
20191202121500
20191206070000
20191211030000
20191204043000
whZ_SWGO_I_59140_20170427061500_O_INSD_DIS
20191215140000
20191207050000
20191103123000
20191208101500
20191106110000
20191119213000
wh20130406045200
wh20130410082200
20191203104500
wh20130401145200
20191119130000
20191210223000
whZ_SWGO_I_59140_20170427093000_O_INSD_DIS
20191107100000
20191211144500
20191214143000
20191117211500
20191211204500
20191220154500
20191205013000
20191107120000
20191130114500
whZ_SWGO_I_59140_20170425133000_O_INSD_DIS
whZ_SWGO_I_59140_20170422094500_O_INSD_DIS
20191117093000
20191220041500
20191104211500
20191213081500
whZ_SWGO_I_59140_20170428001500_O_INSD_DIS
20191105004500
20191102173000
20191121043000
20191120104500
wh20130405075200
20191208024500
whZ_SWGO_I_59140_20170422150000_O_INSD_DIS
20191127110000
20191121010000
20191124133000
20191104071500
20191214193000
20191220084500
20191218151500
20191204180000
20191203174500
20191206111500
20191125141500
20191220091500
20191201041500
wh20130410130700
20191105210000
wh20130410095200
20191127013000
20191126024500
20191210181500
wh20130410092200
20191117131500
20191213133000
20191212180000
wh20130411025200
whZ_SWGO_I_59140_20170428061500_O_INSD_DIS
20191107184500
20191211151500
wh20130402023700
20191130023000
20191217011500
20191107144500
20191213111500
20191102210000
20191205190000
20191116071500
20191125040000
20191120010000
20191203034500
whZ_SWGO_I_59140_20170428134500_O_INSD_DIS
20191125074500
20191213160000
20191121083000
20191211100000
20191104174500
20191103130000
20191210210000
whZ_SWGO_I_59140_20170426084500_O_INSD_DIS
20191208023000
20191124140000
20191203203000
whZ_SWGO_I_59140_20170424204500_O_INSD_DIS
20191120021500
20191124170000
20191216190000
20191215030000
whZ_SWGO_I_59140_20170423161500_O_INSD_DIS
whZ_SWGO_I_59140_20170426074500_O_INSD_DIS
wh20130408082200
20191103154500
20191116164500
20191108044500
20191104150000
20191214113000
20191219140000
20191216020000
20191209153000
whZ_SWGO_I_59140_20170426111500_O_INSD_DIS
20191202170000
20191121074500
20191107233000
20191213214500
20191206003000
20191210174500
wh20130408073700
20191207100000
wh20130406100700
20191202144500
20191127140000
20191202213000
20191120011500
20191121140000
wh20130409072200
wh20130409070700
20191217004500
20191125181500
20191106203000
20191206023000
20191215064500
20191217030000
20191130004500
20191121131500
20191118161500
20191105001500
20191107094500
20191106231500
wh20130403130700
20191209141500
wh20130409102200
20191121164500
20191106041500
20191104221500
whZ_SWGO_I_59140_20170423164500_O_INSD_DIS
wh20130402140700
20191126130000
20191212064500
20191105143000
whZ_SWGO_I_59140_20170421134500_O_INSD_DIS
20191128091500
20191208173000
whZ_SWGO_I_59140_20170425144500_O_INSD_DIS
20191130100000
20191213023000
20191202091500
20191218071500
20191205200000
wh20130404055200
20191124211500
20191207181500
20191117174500
20191107231500
wh20130410042200
20191212103000
wh20130409010700
20191210000000
20191215104500
20191210024500
wh20130408042200
20191126034500
20191208080000
20191126073000
20191105090000
whZ_SWGO_I_59140_20170429180000_O_INSD_DIS
20191107151500
20191105220000
20191103163000
wh20130401083700
20191107181500
whZ_SWGO_I_59140_20170421083000_O_INSD_DIS
20191209221500
20191215063000
wh20130401022200
20191107020000
20191120101500
20191217000000
20191119070000
whZ_SWGO_I_59140_20170421153000_O_INSD_DIS
whZ_SWGO_I_59140_20170425140000_O_INSD_DIS
20191105231500
20191206160000
wh20130403033700
20191217071500
whZ_SWGO_I_59140_20170422184500_O_INSD_DIS
20191104103000
20191119011500
20191208030000
20191105203000
20191205053000
wh20130411012200
20191128094500
20191130170000
20191217130000
20191126224500
20191126180000
20191210180000
20191215171500
wh20130403025200
20191106184500
wh20130408112200
wh20130410125200
20191130120000
20191129121500
20191215160000
20191201220000
wh20130404012200
20191130003000
20191204090000
whZ_SWGO_I_59140_20170425110000_O_INSD_DIS
20191104021500
20191208013000
whZ_SWGO_I_59140_20170425084500_O_INSD_DIS
20191210090000
20191206021500
whZ_SWGO_I_59140_20170428083000_O_INSD_DIS
wh20130403005200
20191103124500
20191121161500
20191104090000
20191204153000
20191104064500
20191107080000
whZ_SWGO_I_59140_20170428050000_O_INSD_DIS
20191218190000
20191207194500
whZ_SWGO_I_59140_20170424143000_O_INSD_DIS
20191208184500
20191205030000
20191103141500
20191125000000
20191121151500
20191125220000
20191117130000
whZ_SWGO_I_59140_20170428130000_O_INSD_DIS
20191118021500
20191203211500
whZ_SWGO_I_59140_20170427021500_O_INSD_DIS
20191211231500
20191217034500
20191128090000
20191202181500
20191206010000
20191107133000
20191209000000
20191121084500
20191210014500
20191202161500
20191211043000
20191220101500
20191209061500
whZ_SWGO_I_59140_20170425114500_O_INSD_DIS
20191208193000
20191206163000
20191210033000
20191117020000
20191116153000
20191120131500
20191105151500
20191203071500
20191204120000
20191128010000
20191119111500
wh20130401052200
wh20130410022200
20191205143000
20191219191500
20191201070000
wh20130410035200
20191210104500
20191126103000
20191202031500
20191206024500
wh20130404082200
20191209163000
whZ_SWGO_I_59140_20170425161500_O_INSD_DIS
20191103131500
20191120090000
20191211141500
whZ_SWGO_I_59140_20170422113000_O_INSD_DIS
20191202120000
wh20130401092200
20191121111500
20191203153000
wh20130404030700
20191209160000
20191115233000
20191209064500
wh20130408085200
20191119234500
20191108033000
20191107200000
20191209210000
20191102224500
20191208004500
wh20130403125200
20191216231500
wh20130410013700
20191117223000
20191213154500
20191116170000
20191102131500
20191206130000
20191209174500
20191215213000
20191116224500
20191207080000
20191210194500
20191115221500
whZ_SWGO_I_59140_20170430084500_O_INSD_DIS
20191209100000
20191130141500
20191209120000
20191213000000
20191104231500
whZ_SWGO_I_59140_20170427091500_O_INSD_DIS
20191105213000
20191204233000
20191214104500
20191121030000
20191219120000
20191213100000
20191209154500
wh20130403080700
20191103231500
wh20130409012200
20191106143000
20191205214500
20191219083000
20191104110000
20191116161500
20191203033000
whZ_SWGO_I_59140_20170428104500_O_INSD_DIS
20191212141500
20191128013000
20191220001500
20191130161500
20191125143000
20191118173000
20191129140000
20191204024500
wh20130406103700
20191217023000
20191204071500
20191119113000
20191106113000
20191205123000
20191118004500
20191201024500
20191211230000
20191211103000
20191119230000
20191210160000
20191205080000
wh20130404085200
20191119143000
20191204161500
20191219071500
20191106173000
20191103150000
20191208070000
20191205051500
20191208074500
20191104034500
whZ_SWGO_I_59140_20170428140000_O_INSD_DIS
whZ_SWGO_I_59140_20170429073000_O_INSD_DIS
20191213041500
20191208021500
whZ_SWGO_I_59140_20170424061500_O_INSD_DIS
whZ_SWGO_I_59140_20170423160000_O_INSD_DIS
20191125231500
20191215011500
20191206131500
20191103153000
20191209041500
20191201080000
20191116004500
20191104214500
whZ_SWGO_I_59140_20170422200000_O_INSD_DIS
20191119040000
wh20130409033700
wh20130409040700
20191116220000
20191104151500
20191212224500
20191212013000
20191209144500
20191118144500
whZ_SWGO_I_59140_20170430170000_O_INSD_DIS
20191210153000
20191219114500
20191210004500
20191205073000
20191103220000
20191124134500
20191107214500
20191102130000
wh20130401062200
whZ_SWGO_I_59140_20170428040000_O_INSD_DIS
20191124234500
20191204231500
20191118184500
20191118223000
20191205034500
20191201161500
20191216204500
20191211194500
wh20130404200700
whZ_SWGO_I_59140_20170422191500_O_INSD_DIS
wh20130409023700
wh20130410085200
20191104141500
20191125164500
20191214040000
20191201121500
20191207224500
20191121170000
20191206190000
20191106191500
20191205010000
wh20130403035200
20191104160000
20191116091500
20191130143000
20191105003000
20191202051500
20191204104500
20191202113000
20191125064500
20191211074500
20191212201500
wh20130409063700
20191205160000
20191128081500
20191208100000
wh20130409083700
20191204074500
20191201021500
20191201230000
20191216121500
20191209193000
20191201164500
whZ_SWGO_I_59140_20170425173000_O_INSD_DIS
20191103184500
20191105230000
20191116233000
wh20130406002200
20191208200000
20191126151500
20191214013000
20191209001500
20191117164500
20191205161500
20191206071500
20191203181500
20191105124500
20191216090000
whZ_SWGO_I_59140_20170425124500_O_INSD_DIS
20191121103000
whZ_SWGO_I_59140_20170425023000_O_INSD_DIS
20191129153000
20191105101500
20191118071500
20191107090000
20191119163000
20191217153000
wh20130405090700
20191206044500
20191116074500
20191216133000
20191205114500
20191104213000
whZ_SWGO_I_59140_20170425113000_O_INSD_DIS
20191208194500
20191104011500
wh20130405065200
20191124141500
20191125204500
20191201140000
whZ_SWGO_I_59140_20170427013000_O_INSD_DIS
20191217040000
20191207034500
20191203183000
20191127001500
20191219070000
20191104210000
whZ_SWGO_I_59140_20170426180000_O_INSD_DIS
20191128221500
20191206154500
20191118201500
20191103170000
20191119171500
20191201114500
20191126154500
20191207174500
whZ_SWGO_I_59140_20170423173000_O_INSD_DIS
20191214141500
whZ_SWGO_I_59140_20170426011500_O_INSD_DIS
20191209123000
20191219154500
wh20130408075200
20191208083000
20191106071500
20191108081500
20191220093000
20191213223000
20191212104500
20191213033000
20191220030000
whZ_SWGO_I_59140_20170422190000_O_INSD_DIS
wh20130404053700
20191205000000
20191119033000
20191116151500
20191214130000
20191213130000
20191203213000
20191117153000
20191120003000
20191217233000
20191124161500
20191201160000
wh20130405045200
whZ_SWGO_I_59140_20170426114500_O_INSD_DIS
20191206000000
20191206094500
whZ_SWGO_I_59140_20170421181500_O_INSD_DIS
20191202193000
20191211201500
20191125160000
whZ_SWGO_I_59140_20170427014500_O_INSD_DIS
wh20130410100700
20191103001500
20191202200000
20191201221500
20191219174500
20191208114500
20191205131500
wh20130406022200
20191207183000
20191128110000
wh20130405200700
20191120154500
20191211171500
whZ_SWGO_I_59140_20170429181500_O_INSD_DIS
20191216021500
whZ_SWGO_I_59140_20170428030000_O_INSD_DIS
20191108020000
20191207140000
wh20130410043700
20191205040000
20191218191500
20191207023000
20191203200000
whZ_SWGO_I_59140_20170421160000_O_INSD_DIS
whZ_SWGO_I_59140_20170428044500_O_INSD_DIS
wh20130408100700
whZ_SWGO_I_59140_20170424093000_O_INSD_DIS
20191213124500
20191120100000
20191106070000
20191125184500
20191209183000
20191117171500
20191202183000
20191126030000
20191209083000
20191212111500
wh20130402085200
20191205171500
20191203073000
20191216221500
20191202210000
20191201200000
20191214190000
20191205130000
20191121123000
20191105183000
20191116083000
wh20130404050700
20191119160000
whZ_SWGO_I_59140_20170428033000_O_INSD_DIS
20191201033000
20191118150000
20191208084500
whZ_SWGO_I_59140_20170426160000_O_INSD_DIS
20191119123000
20191216161500
20191205211500
20191217221500
whZ_SWGO_I_59140_20170425030000_O_INSD_DIS
wh20130411120700
20191117134500
20191128141500
whZ_SWGO_I_59140_20170425123000_O_INSD_DIS
20191102171500
20191208204500
20191104084500
20191203184500
20191216101500
20191129193000
20191213071500
20191106010000
20191201171500
20191121194500
20191124163000
20191219143000
20191211080000
20191211094500
20191119104500
wh20130401013700
20191220071500
whZ_SWGO_I_59140_20170421103000_O_INSD_DIS
20191208014500
20191125224500
20191202093000
20191208191500
20191211143000
20191211184500
20191120120000
whZ_SWGO_I_59140_20170422203000_O_INSD_DIS
20191204064500
20191207160000
wh20130401155200
20191208130000
20191208033000
20191116084500
20191121001500
20191212220000
wh20130407083700
20191201120000
whZ_SWGO_I_59140_20170430153000_O_INSD_DIS
20191120000000
wh20130403050700
20191204220000
20191213073000
20191205100000
20191120074500
wh20130409030700
20191216081500
20191206033000
wh20130403065200
20191210073000
20191207090000
20191210091500
20191125001500
whZ_SWGO_I_59140_20170421081500_O_INSD_DIS
20191125150000
20191117124500
20191103103000
20191102164500
20191215020000
wh20130402020700
20191213143000
wh20130410000700
20191108014500
20191211153000
20191104014500
20191116100000
20191210084500
whZ_SWGO_I_59140_20170430161500_O_INSD_DIS
20191213170000
whZ_SWGO_I_59140_20170421163000_O_INSD_DIS
20191212020000
20191211213000
20191117121500
20191105194500
20191206001500
whZ_SWGO_I_59140_20170430194500_O_INSD_DIS
20191206171500
20191120231500
20191130113000
20191213191500
20191215150000
20191117221500
wh20130406032200
20191124200000
whZ_SWGO_I_59140_20170429204500_O_INSD_DIS
20191209050000
wh20130403082200
20191217134500
wh20130403135200
20191220100000
20191203223000
20191206204500
20191218154500
20191125180000
20191126213000
20191118193000
wh20130409005200
20191212150000
20191106151500
20191211120000
20191128131500
20191119210000
20191104180000
20191120083000
20191127184500
20191119153000
20191219231500
20191204111500
20191126114500
20191216113000
20191107064500
20191204110000
20191218161500
20191220023000
20191106213000
20191208073000
20191125124500
wh20130404042200
wh20130404080700
20191203190000
20191106121500
20191210080000
20191215121500
20191204193000
20191130171500
20191128073000
20191120143000
wh20130405102200
20191103020000
20191207204500
20191119100000
20191115234500
20191118171500
20191129221500
20191211130000
wh20130401133700
20191214154500
wh20130405085200
20191118220000
20191103190000
whZ_SWGO_I_59140_20170428183000_O_INSD_DIS
whZ_SWGO_I_59140_20170430090000_O_INSD_DIS
20191207171500
wh20130402035200
wh20130409122200
20191125033000
whZ_SWGO_I_59140_20170422153000_O_INSD_DIS
whZ_SWGO_I_59140_20170428150000_O_INSD_DIS
whZ_SWGO_I_59140_20170422154500_O_INSD_DIS
whZ_SWGO_I_59140_20170424091500_O_INSD_DIS
20191108050000
20191212131500
whZ_SWGO_I_59140_20170426170000_O_INSD_DIS
whZ_SWGO_I_59140_20170426100000_O_INSD_DIS
20191211173000
20191116163000
20191203233000
20191214231500
20191219081500
20191215164500
20191202101500
20191124174500
20191118100000
20191126231500
20191213024500
20191212034500
20191215094500
20191121064500
20191203030000
20191209073000
20191105031500
20191130144500
20191126093000
20191119094500
20191208113000
whZ_SWGO_I_59140_20170430080000_O_INSD_DIS
wh20130408005200
20191203161500
20191108024500
20191218083000
20191125023000
20191205111500
20191119090000
20191212023000
whZ_SWGO_I_59140_20170426154500_O_INSD_DIS
20191118074500
20191115224500
whZ_SWGO_I_59140_20170423021500_O_INSD_DIS
20191213101500
20191206180000
20191120173000
20191130011500
20191213141500
20191205124500
whZ_SWGO_I_59140_20170428171500_O_INSD_DIS
20191213034500
wh20130410033700
whZ_SWGO_I_59140_20170422143000_O_INSD_DIS
20191106031500
20191119081500
20191121144500
20191209121500
20191130163000
wh20130404095200
wh20130403020700
20191215001500
whZ_SWGO_I_59140_20170428070000_O_INSD_DIS
wh20130404203700
20191208150000
20191211191500
20191202123000
20191118210000
20191214150000
20191219141500
whZ_SWGO_I_59140_20170421093000_O_INSD_DIS
20191103200000
20191130221500
20191214230000
20191117013000
20191105214500
20191209204500
20191129011500
whZ_SWGO_I_59140_20170421111500_O_INSD_DIS
20191215201500
20191130041500
20191103063000
20191202223000
20191212101500
wh20130408032200
20191103183000
20191126020000
wh20130407023700
20191204191500
20191118200000
wh20130404062200
20191209133000
whZ_SWGO_I_59140_20170430064500_O_INSD_DIS
20191117180000
wh20130409055200
20191130090000
20191125194500
20191205174500
whZ_SWGO_I_59140_20170425180000_O_INSD_DIS
20191105163000
whZ_SWGO_I_59140_20170421080000_O_INSD_DIS
20191212091500
20191104183000
20191209021500
wh20130401153700
20191108023000
20191127144500
wh20130406085200
20191214164500
20191220110000
whZ_SWGO_I_59140_20170426080000_O_INSD_DIS
whZ_SWGO_I_59140_20170425033000_O_INSD_DIS
20191217021500
wh20130408092200
20191203224500
20191204183000
20191128080000
20191107171500
20191117100000
20191125200000
20191213084500
20191210083000
20191117024500
20191105114500
20191103221500
whZ_SWGO_I_59140_20170426161500_O_INSD_DIS
20191119150000
wh20130405070700
whZ_SWGO_I_59140_20170424170000_O_INSD_DIS
20191118160000
wh20130408093700
20191220031500
wh20130401032200
20191205173000
20191107091500
20191107124500
20191203210000
whZ_SWGO_I_59140_20170426110000_O_INSD_DIS
20191103121500
20191120184500
wh20130406042200
20191118211500
20191127010000
wh20130405050700
20191211011500
20191107224500
20191120170000
wh20130405202200
20191208094500
20191119010000
20191204093000
20191128093000
wh20130407020700
20191126003000
wh20130410112200
20191116093000
whZ_SWGO_I_59140_20170421071500_O_INSD_DIS
20191214004500
whZ_SWGO_I_59140_20170423141500_O_INSD_DIS
20191121193000
20191107141500
wh20130410045200
20191220193000
wh20130401072200
20191108064500
20191209200000
20191212010000
whZ_SWGO_I_59140_20170422120000_O_INSD_DIS
20191107164500
20191202143000
wh20130404032200
20191206030000
20191212234500
20191216030000
20191215091500
whZ_SWGO_I_59140_20170426163000_O_INSD_DIS
whZ_SWGO_I_59140_20170428101500_O_INSD_DIS
whZ_SWGO_I_59140_20170425111500_O_INSD_DIS
20191211161500
20191104000000
wh20130411032200
20191202021500
wh20130407105200
20191217211500
20191211064500
20191107121500
20191202070000
20191212093000
20191207091500
20191126101500
20191203023000
20191204213000
20191208171500
20191217174500
20191104224500
20191209093000
20191213040000
20191208233000
20191104130000
wh20130409065200
wh20130403052200
20191208203000
20191207161500
20191206120000
20191202041500
20191204034500
20191209220000
20191116211500
20191129100000
20191104083000
20191207020000
20191210170000
20191206161500
20191125093000
20191205011500
20191215021500
20191120190000
20191116183000
20191206014500
20191126141500
20191126074500
whZ_SWGO_I_59140_20170422114500_O_INSD_DIS
20191211163000
20191202024500
20191211113000
wh20130402102200
20191201154500
wh20130406060700
20191117003000
20191212033000
20191117083000
whZ_SWGO_I_59140_20170428100000_O_INSD_DIS
20191117181500
20191209190000
20191202001500
20191107034500
20191201184500
20191204091500
20191216171500
20191207200000
20191116221500
whZ_SWGO_I_59140_20170427024500_O_INSD_DIS
20191210070000
20191106050000
20191118230000
20191214044500
20191216120000
20191220024500
20191128173000
20191105131500
wh20130410012200
20191209043000
20191107220000
20191211220000
20191104144500
whZ_SWGO_I_59140_20170430160000_O_INSD_DIS
20191201174500
20191117210000
20191103111500
20191125090000
whZ_SWGO_I_59140_20170430164500_O_INSD_DIS
20191216073000
20191209171500
20191210231500
20191117151500
20191205050000
20191220034500
20191119031500
20191105073000
20191214133000
20191126223000
20191216223000
20191214083000
20191117014500
20191220040000
20191214134500
20191218200000
20191119131500
20191204223000
20191218184500
whZ_SWGO_I_59140_20170429064500_O_INSD_DIS
20191209040000
20191201104500
20191120141500
whZ_SWGO_I_59140_20170422201500_O_INSD_DIS
20191215000000
20191206184500
20191125100000
whZ_SWGO_I_59140_20170421110000_O_INSD_DIS
20191124144500
20191118143000
20191214071500
20191201023000
20191208163000
20191106233000
20191117143000
whZ_SWGO_I_59140_20170428084500_O_INSD_DIS
20191119190000
20191117011500
20191209201500
20191203201500
whZ_SWGO_I_59140_20170428121500_O_INSD_DIS
20191119223000
20191211010000
20191121171500
whZ_SWGO_I_59140_20170426190000_O_INSD_DIS
20191216040000
20191215221500
20191214220000
20191102123000
20191202094500
20191211004500
20191212114500
whZ_SWGO_I_59140_20170425104500_O_INSD_DIS
20191217230000
20191214201500
20191128171500
20191104033000
20191119024500
wh20130403040700
20191125030000
20191215130000
20191107073000
whZ_SWGO_I_59140_20170425130000_O_INSD_DIS
wh20130409142200
20191214203000
20191212203000
whZ_SWGO_I_59140_20170423183000_O_INSD_DIS
20191208143000
wh20130405082200
20191206173000
20191107103000
20191126211500
20191218141500
20191128203000
20191117110000
20191214021500
20191121183000
20191125083000
20191216173000
20191211114500
whZ_SWGO_I_59140_20170422144500_O_INSD_DIS
20191121130000
20191207133000
20191116201500
20191209231500
20191215040000
wh20130411070700
20191207074500
20191206091500
20191202131500
20191214214500
20191130031500
20191129090000
20191207153000
whZ_SWGO_I_59140_20170421094500_O_INSD_DIS
20191201123000
wh20130404103700
20191216094500
20191202190000
20191205103000
20191120144500
20191127213000
20191214100000
whZ_SWGO_I_59140_20170426181500_O_INSD_DIS
20191118111500
20191121073000
20191216070000
20191219133000
whZ_SWGO_I_59140_20170425174500_O_INSD_DIS
20191107134500
whZ_SWGO_I_59140_20170426153000_O_INSD_DIS
20191130233000
20191208111500
wh20130405083700
20191105144500
20191116150000
whZ_SWGO_I_59140_20170426093000_O_INSD_DIS
20191207004500
20191216180000
20191119004500
20191121031500
20191207044500
20191215014500
20191202020000
20191202154500
whZ_SWGO_I_59140_20170426064500_O_INSD_DIS
20191103134500
20191125071500
20191217194500
20191121121500
whZ_SWGO_I_59140_20170428073000_O_INSD_DIS
20191212133000
20191216124500
20191130070000
20191210193000
20191209070000
whZ_SWGO_I_59140_20170428191500_O_INSD_DIS
20191129231500
20191215003000
20191126233000
20191118120000
20191116130000
20191104154500
whZ_SWGO_I_59140_20170425170000_O_INSD_DIS
20191212120000
20191202013000
20191208183000
20191130130000
20191103080000
20191211180000
20191103083000
20191204100000
whZ_SWGO_I_59140_20170426070000_O_INSD_DIS
20191121153000
20191126083000
20191220103000
whZ_SWGO_I_59140_20170425074500_O_INSD_DIS
20191211203000
20191105224500
20191209134500
20191126131500
20191215141500
20191127214500
20191119183000
20191117120000
20191209194500
20191211190000
20191220081500
20191213003000
whZ_SWGO_I_59140_20170425094500_O_INSD_DIS
20191117070000
wh20130401132200
20191203160000
whZ_SWGO_I_59140_20170428020000_O_INSD_DIS
20191213180000
20191210013000
20191204113000
20191105181500
20191117031500
20191219184500
20191130121500
wh20130409060700
20191103151500
20191124171500
20191102144500
wh20130411092200
wh20130405060700
wh20130411020700
20191106130000
20191207180000
wh20130402103700
20191211111500
20191120234500
wh20130401130700
wh20130401033700
20191213080000
wh20130411042200
20191126014500
wh20130403015200
20191207053000
20191204123000
20191216194500
20191206164500
20191108003000
whZ_SWGO_I_59140_20170425054500_O_INSD_DIS
20191217073000
20191128234500
20191215151500
20191206013000
20191121141500
20191205104500
20191103014500
20191203150000
wh20130403043700
whZ_SWGO_I_59140_20170428080000_O_INSD_DIS
wh20130404035200
20191218193000
20191120091500
20191130000000
20191119191500
20191104194500
whZ_SWGO_I_59140_20170426164500_O_INSD_DIS
20191126110000
20191116200000
20191208213000
20191119093000
20191216104500
20191118204500
20191215031500
20191210171500
20191124210000
20191105223000
whZ_SWGO_I_59140_20170428180000_O_INSD_DIS
20191130013000
wh20130403122200
20191214170000
20191117000000
20191120070000
20191106051500
whZ_SWGO_I_59140_20170422101500_O_INSD_DIS
20191130040000
20191210003000
whZ_SWGO_I_59140_20170423181500_O_INSD_DIS
20191205093000
20191212094500
20191219180000
20191220003000
20191213234500
20191213230000
wh20130411030700
20191216084500
20191120113000
whZ_SWGO_I_59140_20170425150000_O_INSD_DIS
20191125130000
20191205070000
20191214191500
20191107123000
20191220121500
20191203180000
20191205081500
20191202124500
20191215113000
20191209150000
20191106211500
wh20130410102200
20191128154500
20191215154500
20191201190000
20191214181500
wh20130408030700
20191125190000
20191130014500
20191217090000
20191216174500
20191128220000
20191121023000
20191216110000
20191205141500
20191129233000
20191205110000
20191217003000
20191205150000
20191116173000
20191205064500
20191210110000
20191119180000
20191119001500
20191106120000
whZ_SWGO_I_59140_20170426143000_O_INSD_DIS
20191106003000
20191205021500
20191206083000
whZ_SWGO_I_59140_20170425031500_O_INSD_DIS
whZ_SWGO_I_59140_20170430200000_O_INSD_DIS
20191129133000
20191116070000
20191127151500
whZ_SWGO_I_59140_20170421191500_O_INSD_DIS
wh20130403053700
20191215170000
20191104031500
20191104111500
20191125173000
wh20130411040700
20191107143000
20191216191500
20191128071500
20191208220000
20191121184500
whZ_SWGO_I_59140_20170421084500_O_INSD_DIS
20191104170000
whZ_SWGO_I_59140_20170422140000_O_INSD_DIS
20191107030000
wh20130405023700
20191128160000
20191201191500
20191125144500
20191220004500
20191105084500
20191214144500
wh20130410052200
20191130184500
20191125101500
20191129094500
20191119000000
20191117084500
20191217204500
20191128000000
20191212113000
20191115213000
20191106103000
20191220134500
20191104024500
20191105070000
20191105121500
20191126150000
20191218050000
20191103161500
20191130050000
whZ_SWGO_I_59140_20170425063000_O_INSD_DIS
20191125094500
20191219170000
20191121040000
20191206134500
20191106140000
20191118183000
wh20130411065200
20191217224500
whZ_SWGO_I_59140_20170428164500_O_INSD_DIS
20191214081500
